cam0:
  T_cam_imu:
  - [-0.02244236377013009, -0.9997401017537173, -0.004008647387421726, -0.07026169023082061]
  - [0.9997310215371951, -0.022418335903446662, -0.00594161522795724, 0.00815085613719965]
  - [0.0058502038089297105, -0.00414091303793749, 0.9999743136474091, -0.004921988691066905]
  - [0.0, 0.0, 0.0, 1.0]
  cam_overlaps: [1]
  camera_model: pinhole
  distortion_coeffs: [-0.0055147057307293615, 0.0290255585668013, -0.032524471257893324,
    0.012606374884103402]
  distortion_model: equidistant
  intrinsics: [470.7826306429468, 470.6761884660943, 365.1360161370096, 245.65228678273223]
  resolution: [752, 480]
  rostopic: /cam0/image_raw
  timeshift_cam_imu: 0.0012099230354374597
cam1:
  T_cam_imu:
  - [-0.020535335910272345, -0.9997738469397289, -0.005527653606010012, 0.039118108611362654]
  - [0.9997813422044729, -0.020513043026352817, -0.004059907095213521, 0.008577129939283204]
  - [0.003945599938544663, -0.005609816497422792, 0.9999764808234194, -0.004817797569083517]
  - [0.0, 0.0, 0.0, 1.0]
  T_cn_cnm1:
  - [0.9999970273630536, 0.001916296771830342, -0.001507670963328764, 0.10935654978095241]
  - [-0.0019134701139270178, 0.9999964132506907, 0.0018740645325686727, 0.0003010835171861146]
  - [0.0015112568195049443, -0.0018711740783252427, 0.9999971074010111, 0.00022561201387524658]
  - [0.0, 0.0, 0.0, 1.0]
  cam_overlaps: [0]
  camera_model: pinhole
  distortion_coeffs: [-0.0009581902430486106, 0.004187121200529445, 0.017828624518695154,
    -0.02268228366481956]
  distortion_model: equidistant
  intrinsics: [470.64851306995496, 470.6021646767124, 391.94860344908, 265.64059402222085]
  resolution: [752, 480]
  rostopic: /cam1/image_raw
  timeshift_cam_imu: 0.0012308839360002273
