image_width: 752
image_height: 480
camera_name: cam0
camera_matrix:
  rows: 3
  cols: 3
  data: [470.782630643, 0.0, 365.136016137, 0.0, 470.676188466, 245.652286783, 0.0, 0.0, 1.0]
distortion_model: equidistant
distortion_coefficients:
  rows: 1
  cols: 4
  data: [-0.00551470573073, 0.0290255585668, -0.0325244712579, 0.0126063748841]

