cam0:
  cam_overlaps: [1]
  camera_model: pinhole
  distortion_coeffs: [0.0037421522386254786, 0.006095760576063343, -0.0033042276317763047,
    0.00352353803710917]
  distortion_model: equidistant
  intrinsics: [467.089912111963, 467.07725826717746, 384.99357026058084, 233.05719562872824]
  resolution: [752, 480]
  rostopic: /cam0/image_raw
  flip_camera: true
cam1:
  T_cn_cnm1:
  - [0.9999959957164478, 0.0017608606789762578, 0.0022153827521199207, -0.10983885955322419]
  - [-0.0017565405435073617, 0.999996555052459, -0.001950499559727145, -0.00021222983926491947]
  - [-0.002218809678221641, 0.0019466003397503547, 0.9999956438058759, 0.0013066549219403038]
  - [0.0, 0.0, 0.0, 1.0]
  cam_overlaps: [0]
  camera_model: pinhole
  distortion_coeffs: [-0.0030426130863853264, 0.03355141878051164, -0.05556779841919517,
    0.037980875441169994]
  distortion_model: equidistant
  intrinsics: [467.7650083681955, 467.8440222362674, 364.50007303435643, 213.13800445475323]
  resolution: [752, 480]
  rostopic: /cam1/image_raw
  flip_camera: true
