cam0:
  T_cam_imu:
  - [-0.023536888143113166, -0.9997133190254345, -0.004392568689153729, -0.06934375882472413]
  - [0.9997225367465691, -0.02354073698269532, 0.0008265732373940555, 0.010829032057607175]
  - [-0.0009297405787626004, -0.004371894950923682, 0.9999900110086073, 0.004080426820503629]
  - [0.0, 0.0, 0.0, 1.0]
  cam_overlaps: [1]
  camera_model: pinhole
  distortion_coeffs: [-0.0055147057307293615, 0.0290255585668013, -0.032524471257893324,
    0.012606374884103402]
  distortion_model: equidistant
  intrinsics: [470.7826306429468, 470.6761884660943, 365.1360161370096, 245.65228678273223]
  resolution: [752, 480]
  rostopic: /cam0/image_raw
  timeshift_cam_imu: 0.0012902082469260342
  flip_camera: true
cam1:
  T_cam_imu:
  - [-0.021619651363722292, -0.9997488668999029, -0.005898627575231757, 0.040027596788186376]
  - [0.9997622457306466, -0.02163592420279098, 0.0027090211341473294, 0.011270410927050582]
  - [-0.0028359630683898887, -0.005838657058885199, 0.9999789334767126, 0.004180967798846872]
  - [0.0, 0.0, 0.0, 1.0]
  T_cn_cnm1:
  - [0.9999970273630536, 0.001916296771830342, -0.001507670963328764, 0.10935654978095241]
  - [-0.0019134701139270178, 0.9999964132506907, 0.0018740645325686727, 0.0003010835171861146]
  - [0.0015112568195049443, -0.0018711740783252427, 0.9999971074010111, 0.00022561201387524658]
  - [0.0, 0.0, 0.0, 1.0]
  cam_overlaps: [0]
  camera_model: pinhole
  distortion_coeffs: [-0.0009581902430486106, 0.004187121200529445, 0.017828624518695154,
    -0.02268228366481956]
  distortion_model: equidistant
  intrinsics: [470.64851306995496, 470.6021646767124, 391.94860344908, 265.64059402222085]
  resolution: [752, 480]
  rostopic: /cam1/image_raw
  timeshift_cam_imu: 0.0012940510432719395
  flip_camera: true
