cam0:
  cam_overlaps: [1]
  camera_model: pinhole
  distortion_coeffs: [-0.0055147057307293615, 0.0290255585668013, -0.032524471257893324,
    0.012606374884103402]
  distortion_model: equidistant
  intrinsics: [470.7826306429468, 470.6761884660943, 365.1360161370096, 245.65228678273223]
  resolution: [752, 480]
  rostopic: /cam0/image_raw
cam1:
  T_cn_cnm1:
  - [0.9999970273630516, 0.0019162967718303417, -0.001507670963328764, 0.10935654978095241]
  - [-0.0019134701139270174, 0.9999964132506887, 0.0018740645325686727, 0.0003010835171861146]
  - [0.0015112568195049443, -0.0018711740783252427, 0.9999971074010091, 0.00022561201387524658]
  - [0.0, 0.0, 0.0, 1.0]
  cam_overlaps: [0]
  camera_model: pinhole
  distortion_coeffs: [-0.0009581902430486106, 0.004187121200529445, 0.017828624518695154,
    -0.02268228366481956]
  distortion_model: equidistant
  intrinsics: [470.64851306995496, 470.6021646767124, 391.94860344908, 265.64059402222085]
  resolution: [752, 480]
  rostopic: /cam1/image_raw
