cam0:
  T_cam_imu:
  - [0.009130986052551221, 0.9999169187973762, 0.009098384277963834, -0.03392602082590531]
  - [-0.012211636864009334, -0.008986580767297081, 0.9998850520390902, -0.011215216476066598]
  - [0.9998837437516471, -0.009241042629175023, 0.012128565962886362, -0.30857458012523553]
  - [0.0, 0.0, 0.0, 1.0]
  cam_overlaps: []
  camera_model: pinhole
  distortion_coeffs: [-0.03296527751484443, 0.04097100702363113, -0.07384725316720045,
    0.04425672598228086]
  distortion_model: equidistant
  intrinsics: [859.3439686221952, 858.474721003607, 646.7408841989316, 523.7896653375846]
  resolution: [1280, 1024]
  rostopic: /pointgrey_spinnaker_driver/image_raw
  timeshift_cam_imu: -0.011463540842926416
