cam0:
  cam_overlaps: [1]
  camera_model: pinhole
  distortion_coeffs: [0.45421072352338726, 0.7091910809509945, -4.698878593561958,
    1.682456090788627]
  distortion_model: equidistant
  intrinsics: [712.7808208009303, 712.9214770929727, 394.3200202136537, 230.23152420381223]
  resolution: [752, 480]
  rostopic: /uvc_camera/cam_1/image_raw
cam1:
  T_cn_cnm1:
  - [0.9996842928300443, 0.023169708002427316, -0.009720046295010469, -0.06667405082383984]
  - [-0.023464676175669007, 0.9992308757028601, -0.03141760675269683, -0.004111397989366857]
  - [0.008984633596640574, 0.03163576572770708, 0.999459081046321, -0.001988600853398916]
  - [0.0, 0.0, 0.0, 1.0]
  cam_overlaps: [0]
  camera_model: pinhole
  distortion_coeffs: [0.2950933128410497, 0.37724094403217817, 0.10571180873029921,
    -2.2408579603533587]
  distortion_model: equidistant
  intrinsics: [385.5158299415054, 385.76797738774184, 319.80082136180744, 231.40976721063183]
  resolution: [640, 480]
  rostopic: /realsense/infra1/image_rect_raw
