cam0:
  T_cam_imu:
  - [-0.011757572713097048, 0.9998614918256955, -0.011779501177409113, 0.037811700299568166]
  - [0.4610548841497645, 0.015874207417463287, 0.8872296226685132, -0.19732499520718774]
  - [0.887293724358254, 0.005000670251046335, -0.4611776664274808, -0.31850269678319515]
  - [0.0, 0.0, 0.0, 1.0]
  cam_overlaps: []
  camera_model: pinhole
  distortion_coeffs: [0.45599854665109363, 1.317363351306019, -11.34359462879492,
    23.186742249077955]
  distortion_model: equidistant
  intrinsics: [745.6611364111554, 740.1310157292193, 389.7047996015777, 244.00818182147964]
  resolution: [736, 480]
  rostopic: /uvc_camera/cam_0/image_raw
  timeshift_cam_imu: -0.005538677745696901
