cam0:
  T_cam_imu:
  - [-0.97166907200184, 0.06838402495484261, 0.22623624741860693, -0.10022524959374761]
  - [-0.21395734295882893, 0.15214764694677368, -0.9649214211129074, 0.008888799259616161]
  - [-0.10040652323965667, -0.9859892081861394, -0.13320589863586724, 0.40897503941376606]
  - [0.0, 0.0, 0.0, 1.0]
  cam_overlaps: []
  camera_model: pinhole
  distortion_coeffs: [18.565119463127647, -2681.9977003495283, 199980.65529909782,
    -4717066.369676423]
  distortion_model: equidistant
  intrinsics: [2161.3395074156847, 2190.920827821171, 325.8861977646777, 323.8297982783892]
  resolution: [640, 480]
  rostopic: /realsense/infra1/image_rect_raw
  timeshift_cam_imu: -0.09207229081480356
