cam0:
  cam_overlaps: []
  camera_model: pinhole
  distortion_coeffs: [0.480014413538239, 0.3641160926609374, -4.890797341610791, 9.512675222287179]
  distortion_model: equidistant
  intrinsics: [708.7250276090394, 707.5720928291857, 377.1496498296681, 231.4704438084926]
  resolution: [736, 480]
  rostopic: /uvc_camera/cam_1/image_raw_throttle
