cam0:
  T_cam_imu:
  - [-0.9998986450978438, -0.008672333976340393, 0.011291153833775111, 0.05501366953581653]
  - [-0.011026674495703747, -0.029962046664295576, -0.9994902141638263, 0.013088971290463785]
  - [0.009006219021374, -0.99951341480897, 0.02986338286011237, -0.11810204304207583]
  - [0.0, 0.0, 0.0, 1.0]
  cam_overlaps: []
  camera_model: pinhole
  distortion_coeffs: [0.4545486629370577, 0.5252236556754005, -4.112514935575864,
    6.714651299988109]
  distortion_model: equidistant
  intrinsics: [679.5951163793609, 686.2814030050388, 393.13467146176555, 205.73275622083634]
  resolution: [752, 480]
  rostopic: /uvc_camera/cam_1/image_raw
  timeshift_cam_imu: 0.004142614212993758
