cam0:
  T_cam_imu:
  - [-0.9997762368994465, -0.011936349077724288, 0.017464240661303393, 0.05445670813466897]
  - [-0.017353684878261222, -0.009303768994217422, -0.9998061259582518, -0.023714714632935428]
  - [0.012096518190257062, -0.9998854751686297, 0.009094547513528726, -0.03267106243340457]
  - [0.0, 0.0, 0.0, 1.0]
  cam_overlaps: []
  camera_model: pinhole
  distortion_coeffs: [0.480014413538239, 0.3641160926609374, -4.890797341610791, 9.512675222287179]
  distortion_model: equidistant
  intrinsics: [708.7250276090394, 707.5720928291857, 377.1496498296681, 231.4704438084926]
  resolution: [736, 480]
  rostopic: /uvc_camera/cam_1/image_raw_throttle
  timeshift_cam_imu: 0.004349521156638636
