cam0:
  T_cam_imu:
  - [-0.9997443677056836, 0.02157997967342395, 0.006745644376768924, 0.05638892475876437]
  - [-0.019943644062980593, -0.7011424666685684, -0.712742234258224, -0.04521202208517631]
  - [-0.010651305190086523, -0.7126945670560499, 0.7013936154446643, 0.05555302362495024]
  - [0.0, 0.0, 0.0, 1.0]
  cam_overlaps: []
  camera_model: pinhole
  distortion_coeffs: [0.45599854665109363, 1.317363351306019, -11.34359462879492,
    23.186742249077955]
  distortion_model: equidistant
  intrinsics: [745.6611364111554, 740.1310157292193, 389.7047996015777, 244.00818182147964]
  resolution: [736, 480]
  rostopic: /uvc_camera/cam_0/image_raw
  timeshift_cam_imu: 0.004235136467074054
